X1,X2,X3,X4,X5,X6,X7,X8,X9,X10,scrape_date
,,,,,,,,,,2023-04-03
AP - SPI 200 (A$25 x SPI200),AP - SPI 200 (A$25 x SPI200),AP - SPI 200 (A$25 x SPI200),AP - SPI 200 (A$25 x SPI200),AP - SPI 200 (A$25 x SPI200),AP - SPI 200 (A$25 x SPI200),AP - SPI 200 (A$25 x SPI200),AP - SPI 200 (A$25 x SPI200),AP - SPI 200 (A$25 x SPI200),AP - SPI 200 (A$25 x SPI200),2023-04-03
,,,,,,,,,,2023-04-03
Expiry,Open,High,Low,Last,Sett,Sett Chg,Op Int,Op Int Chg,Volume,2023-04-03
,,,,,,,,,,2023-04-03
Apr 2023,"7,252.0","7,252.0","7,228.0","7,239.0","7,238.0",56.0,466,4,10,2023-04-03
May 2023,-,-,-,-,"7,228.0",57.0,11,-,-,2023-04-03
Jun 2023,"7,190.0","7,270.0","7,185.0","7,248.0","7,247.0",56.0,"246,607",192,"46,248",2023-04-03
Sep 2023,-,-,-,-,"7,200.0",60.0,7,-,-,2023-04-03
Dec 2023,-,-,-,-,"7,181.0",60.0,-,-,-,2023-04-03
Mar 2024,-,-,-,-,"7,114.0",60.0,-,-,-,2023-04-03
Jun 2024,-,-,-,-,"7,114.0",60.0,-,-,-,2023-04-03
Sep 2024,-,-,-,-,"7,047.0",60.0,-,-,-,2023-04-03
,,,,,,,,,,2023-04-03
Click here to view settlement price and volume graph,Click here to view settlement price and volume graph,Click here to view settlement price and volume graph,Click here to view settlement price and volume graph,Click here to view settlement price and volume graph,Click here to view settlement price and volume graph,Click here to view settlement price and volume graph,"247,091",196,"46,258",2023-04-03
,,,,,,,,,,2023-04-03
,,,,,,,,,,2023-04-03
AA - S&P / ASX 200 A-REIT Index (A$25 x Index),AA - S&P / ASX 200 A-REIT Index (A$25 x Index),AA - S&P / ASX 200 A-REIT Index (A$25 x Index),AA - S&P / ASX 200 A-REIT Index (A$25 x Index),AA - S&P / ASX 200 A-REIT Index (A$25 x Index),AA - S&P / ASX 200 A-REIT Index (A$25 x Index),AA - S&P / ASX 200 A-REIT Index (A$25 x Index),AA - S&P / ASX 200 A-REIT Index (A$25 x Index),AA - S&P / ASX 200 A-REIT Index (A$25 x Index),AA - S&P / ASX 200 A-REIT Index (A$25 x Index),2023-04-03
,,,,,,,,,,2023-04-03
Expiry,Open,High,Low,Last,Sett,Sett Chg,Op Int,Op Int Chg,Volume,2023-04-03
,,,,,,,,,,2023-04-03
Jun 2023,"1,372.0","1,372.0","1,372.0","1,372.0","1,372.0",23.0,"2,230",120,135,2023-04-03
Sep 2023,-,-,-,-,"1,376.0",23.0,-,-,-,2023-04-03
Dec 2023,-,-,-,-,"1,390.0",23.0,-,-,-,2023-04-03
Mar 2024,-,-,-,-,"1,390.0",23.0,-,-,-,2023-04-03
,,,,,,,,,,2023-04-03
Click here to view settlement price and volume graph,Click here to view settlement price and volume graph,Click here to view settlement price and volume graph,Click here to view settlement price and volume graph,Click here to view settlement price and volume graph,Click here to view settlement price and volume graph,Click here to view settlement price and volume graph,"2,230",120,135,2023-04-03
,,,,,,,,,,2023-04-03
,,,,,,,,,,2023-04-03
AF - S&P / ASX 200 Financials-x-A-REIT Index (A$25 x Index),AF - S&P / ASX 200 Financials-x-A-REIT Index (A$25 x Index),AF - S&P / ASX 200 Financials-x-A-REIT Index (A$25 x Index),AF - S&P / ASX 200 Financials-x-A-REIT Index (A$25 x Index),AF - S&P / ASX 200 Financials-x-A-REIT Index (A$25 x Index),AF - S&P / ASX 200 Financials-x-A-REIT Index (A$25 x Index),AF - S&P / ASX 200 Financials-x-A-REIT Index (A$25 x Index),AF - S&P / ASX 200 Financials-x-A-REIT Index (A$25 x Index),AF - S&P / ASX 200 Financials-x-A-REIT Index (A$25 x Index),AF - S&P / ASX 200 Financials-x-A-REIT Index (A$25 x Index),2023-04-03
,,,,,,,,,,2023-04-03
Expiry,Open,High,Low,Last,Sett,Sett Chg,Op Int,Op Int Chg,Volume,2023-04-03
,,,,,,,,,,2023-04-03
Jun 2023,-,-,-,-,"6,839.0",55.0,"1,893",-,-,2023-04-03
Sep 2023,-,-,-,-,"6,764.0",55.0,-,-,-,2023-04-03
Dec 2023,-,-,-,-,"6,786.0",55.0,-,-,-,2023-04-03
Mar 2024,-,-,-,-,"6,786.0",55.0,-,-,-,2023-04-03
,,,,,,,,,,2023-04-03
Click here to view settlement price and volume graph,Click here to view settlement price and volume graph,Click here to view settlement price and volume graph,Click here to view settlement price and volume graph,Click here to view settlement price and volume graph,Click here to view settlement price and volume graph,Click here to view settlement price and volume graph,"1,893",-,-,2023-04-03
,,,,,,,,,,2023-04-03
,,,,,,,,,,2023-04-03
AR - S&P / ASX 200 Resources Index (A$25 x Index),AR - S&P / ASX 200 Resources Index (A$25 x Index),AR - S&P / ASX 200 Resources Index (A$25 x Index),AR - S&P / ASX 200 Resources Index (A$25 x Index),AR - S&P / ASX 200 Resources Index (A$25 x Index),AR - S&P / ASX 200 Resources Index (A$25 x Index),AR - S&P / ASX 200 Resources Index (A$25 x Index),AR - S&P / ASX 200 Resources Index (A$25 x Index),AR - S&P / ASX 200 Resources Index (A$25 x Index),AR - S&P / ASX 200 Resources Index (A$25 x Index),2023-04-03
,,,,,,,,,,2023-04-03
Expiry,Open,High,Low,Last,Sett,Sett Chg,Op Int,Op Int Chg,Volume,2023-04-03
,,,,,,,,,,2023-04-03
Jun 2023,-,-,-,-,"6,177.0",-14.0,60,-,-,2023-04-03
Sep 2023,-,-,-,-,"6,047.0",-14.0,-,-,-,2023-04-03
Dec 2023,-,-,-,-,"6,112.0",-14.0,-,-,-,2023-04-03
Mar 2024,-,-,-,-,"6,112.0",-14.0,-,-,-,2023-04-03
,,,,,,,,,,2023-04-03
Click here to view settlement price and volume graph,Click here to view settlement price and volume graph,Click here to view settlement price and volume graph,Click here to view settlement price and volume graph,Click here to view settlement price and volume graph,Click here to view settlement price and volume graph,Click here to view settlement price and volume graph,60,-,-,2023-04-03
,,,,,,,,,,2023-04-03
,,,,,,,,,,2023-04-03
AM - Mini-ASX SPI 200 (A$5 x Index),AM - Mini-ASX SPI 200 (A$5 x Index),AM - Mini-ASX SPI 200 (A$5 x Index),AM - Mini-ASX SPI 200 (A$5 x Index),AM - Mini-ASX SPI 200 (A$5 x Index),AM - Mini-ASX SPI 200 (A$5 x Index),AM - Mini-ASX SPI 200 (A$5 x Index),AM - Mini-ASX SPI 200 (A$5 x Index),AM - Mini-ASX SPI 200 (A$5 x Index),AM - Mini-ASX SPI 200 (A$5 x Index),2023-04-03
,,,,,,,,,,2023-04-03
Expiry,Open,High,Low,Last,Sett,Sett Chg,Op Int,Op Int Chg,Volume,2023-04-03
,,,,,,,,,,2023-04-03
Apr 2023,-,-,-,-,"7,238.0",56.0,-,-,-,2023-04-03
May 2023,-,-,-,-,"7,228.0",57.0,-,-,-,2023-04-03
Jun 2023,-,-,-,-,"7,247.0",56.0,-,-,-,2023-04-03
Sep 2023,-,-,-,-,"7,200.0",60.0,-,-,-,2023-04-03
,,,,,,,,,,2023-04-03
Click here to view settlement price and volume graph,Click here to view settlement price and volume graph,Click here to view settlement price and volume graph,Click here to view settlement price and volume graph,Click here to view settlement price and volume graph,Click here to view settlement price and volume graph,Click here to view settlement price and volume graph,-,-,-,2023-04-03
,,,,,,,,,,2023-04-03
,,,,,,,,,,2023-04-03
AT - S&P /ASX 200 Gross TR Index (A$25 x ASX 200 Gross TR Index / 10),AT - S&P /ASX 200 Gross TR Index (A$25 x ASX 200 Gross TR Index / 10),AT - S&P /ASX 200 Gross TR Index (A$25 x ASX 200 Gross TR Index / 10),AT - S&P /ASX 200 Gross TR Index (A$25 x ASX 200 Gross TR Index / 10),AT - S&P /ASX 200 Gross TR Index (A$25 x ASX 200 Gross TR Index / 10),AT - S&P /ASX 200 Gross TR Index (A$25 x ASX 200 Gross TR Index / 10),AT - S&P /ASX 200 Gross TR Index (A$25 x ASX 200 Gross TR Index / 10),AT - S&P /ASX 200 Gross TR Index (A$25 x ASX 200 Gross TR Index / 10),AT - S&P /ASX 200 Gross TR Index (A$25 x ASX 200 Gross TR Index / 10),AT - S&P /ASX 200 Gross TR Index (A$25 x ASX 200 Gross TR Index / 10),2023-04-03
,,,,,,,,,,2023-04-03
Expiry,Open,High,Low,Last,Sett,Sett Chg,Op Int,Op Int Chg,Volume,2023-04-03
,,,,,,,,,,2023-04-03
Jun 2023,-,-,-,-,"8,935.0",56.0,608,-,-,2023-04-03
Sep 2023,-,-,-,-,"8,846.0",56.0,-,-,-,2023-04-03
Dec 2023,-,-,-,-,"8,858.0",56.0,-,-,-,2023-04-03
Mar 2024,-,-,-,-,"8,836.0",56.0,-,-,-,2023-04-03
Jun 2024,-,-,-,-,"8,873.0",56.0,-,-,-,2023-04-03
Sep 2024,-,-,-,-,"8,873.0",56.0,-,-,-,2023-04-03
,,,,,,,,,,2023-04-03
Click here to view settlement price and volume graph,Click here to view settlement price and volume graph,Click here to view settlement price and volume graph,Click here to view settlement price and volume graph,Click here to view settlement price and volume graph,Click here to view settlement price and volume graph,Click here to view settlement price and volume graph,608,-,-,2023-04-03
,,,,,,,,,,2023-04-03
,,,,,,,,,,2023-04-03
IB - 30 Day Interbank Cash Rate (RBA Interbank Overnight Cash),IB - 30 Day Interbank Cash Rate (RBA Interbank Overnight Cash),IB - 30 Day Interbank Cash Rate (RBA Interbank Overnight Cash),IB - 30 Day Interbank Cash Rate (RBA Interbank Overnight Cash),IB - 30 Day Interbank Cash Rate (RBA Interbank Overnight Cash),IB - 30 Day Interbank Cash Rate (RBA Interbank Overnight Cash),IB - 30 Day Interbank Cash Rate (RBA Interbank Overnight Cash),IB - 30 Day Interbank Cash Rate (RBA Interbank Overnight Cash),IB - 30 Day Interbank Cash Rate (RBA Interbank Overnight Cash),IB - 30 Day Interbank Cash Rate (RBA Interbank Overnight Cash),2023-04-03
,,,,,,,,,,2023-04-03
Expiry,Open,High,Low,Last,Sett,Sett Chg,Op Int,Op Int Chg,Volume,2023-04-03
,,,,,,,,,,2023-04-03
Mar 2023,-,-,-,-,96.486,-0.004,"59,964",-908,-,2023-04-03
Apr 2023,96.400,96.405,96.390,96.400,96.400,-,"40,116","2,609","6,019",2023-04-03
May 2023,96.340,96.345,96.335,96.340,96.345,0.005,"15,355",213,"1,425",2023-04-03
Jun 2023,96.370,96.370,96.335,96.335,96.340,-0.025,"3,604",195,282,2023-04-03
Jul 2023,-,-,-,-,96.370,-0.040,"2,043",-,-,2023-04-03
Aug 2023,96.435,96.435,96.410,96.410,96.415,-0.055,"3,428",-30,75,2023-04-03
Sep 2023,96.435,96.435,96.425,96.425,96.420,-0.065,852,-,170,2023-04-03
Oct 2023,-,-,-,-,96.475,-0.050,350,-,-,2023-04-03
Nov 2023,-,-,-,-,96.505,-0.055,575,-,-,2023-04-03
Dec 2023,-,-,-,-,96.550,-0.050,301,-,-,2023-04-03
Jan 2024,-,-,-,-,96.555,-0.055,-,-,-,2023-04-03
Feb 2024,-,-,-,-,96.585,-0.050,300,-,-,2023-04-03
Mar 2024,-,-,-,-,96.620,-0.040,-,-,-,2023-04-03
Apr 2024,-,-,-,-,96.645,-0.040,-,-,-,2023-04-03
May 2024,-,-,-,-,96.670,-0.040,-,-,-,2023-04-03
Jun 2024,-,-,-,-,96.690,-0.040,-,-,-,2023-04-03
Jul 2024,-,-,-,-,96.720,-0.040,-,-,-,2023-04-03
Aug 2024,-,-,-,-,96.735,-0.040,-,-,-,2023-04-03
Sep 2024,-,-,-,-,96.745,-,-,-,-,2023-04-03
,,,,,,,,,,2023-04-03
Click here to view settlement price and volume graph,Click here to view settlement price and volume graph,Click here to view settlement price and volume graph,Click here to view settlement price and volume graph,Click here to view settlement price and volume graph,Click here to view settlement price and volume graph,Click here to view settlement price and volume graph,"126,888","2,079","7,971",2023-04-03
,,,,,,,,,,2023-04-03
,,,,,,,,,,2023-04-03
IR - 90-Day Bank Bills (100 minus yield % p.a.),IR - 90-Day Bank Bills (100 minus yield % p.a.),IR - 90-Day Bank Bills (100 minus yield % p.a.),IR - 90-Day Bank Bills (100 minus yield % p.a.),IR - 90-Day Bank Bills (100 minus yield % p.a.),IR - 90-Day Bank Bills (100 minus yield % p.a.),IR - 90-Day Bank Bills (100 minus yield % p.a.),IR - 90-Day Bank Bills (100 minus yield % p.a.),IR - 90-Day Bank Bills (100 minus yield % p.a.),IR - 90-Day Bank Bills (100 minus yield % p.a.),2023-04-03
,,,,,,,,,,2023-04-03
Expiry,Open,High,Low,Last,Sett,Sett Chg,Op Int,Op Int Chg,Volume,2023-04-03
,,,,,,,,,,2023-04-03
Jun 2023,96.380,96.410,96.330,96.350,96.360,-0.020,"207,243","1,939","41,644",2023-04-03
Sep 2023,96.430,96.470,96.370,96.400,96.400,-0.030,"134,993","2,507","11,904",2023-04-03
Dec 2023,96.460,96.520,96.400,96.430,96.440,-0.030,"156,042","1,299","12,546",2023-04-03
Mar 2024,96.520,96.590,96.480,96.500,96.510,-0.010,"106,487",418,"12,127",2023-04-03
Jun 2024,96.570,96.650,96.530,96.560,96.560,-0.010,"100,954",-993,"6,705",2023-04-03
Sep 2024,96.620,96.720,96.580,96.610,96.620,-,"75,787",559,"5,391",2023-04-03
Dec 2024,96.650,96.740,96.620,96.640,96.650,-,"52,182",-84,"2,476",2023-04-03
Mar 2025,96.650,96.770,96.650,96.670,96.680,-,"27,838",763,"2,764",2023-04-03
Jun 2025,96.720,96.720,96.660,96.660,96.690,-0.010,"1,463",1,3,2023-04-03
Sep 2025,96.660,96.660,96.660,96.660,96.690,-0.010,441,-,1,2023-04-03
Dec 2025,96.680,96.680,96.630,96.630,96.690,-0.010,132,-,2,2023-04-03
Mar 2026,96.650,96.650,96.590,96.590,96.650,-0.010,69,-,2,2023-04-03
Jun 2026,-,-,-,-,96.630,-0.010,7,-,-,2023-04-03
Sep 2026,-,-,-,-,96.590,-0.010,80,-,-,2023-04-03
Dec 2026,-,-,-,-,96.310,-0.010,60,-,-,2023-04-03
Mar 2027,-,-,-,-,96.300,-0.100,-,-,-,2023-04-03
Jun 2027,-,-,-,-,96.300,-0.100,-,-,-,2023-04-03
Sep 2027,-,-,-,-,96.300,-0.100,-,-,-,2023-04-03
Dec 2027,-,-,-,-,96.300,-0.100,-,-,-,2023-04-03
Mar 2028,-,-,-,-,96.300,-0.100,-,-,-,2023-04-03
,,,,,,,,,,2023-04-03
Click here to view settlement price and volume graph,Click here to view settlement price and volume graph,Click here to view settlement price and volume graph,Click here to view settlement price and volume graph,Click here to view settlement price and volume graph,Click here to view settlement price and volume graph,Click here to view settlement price and volume graph,"863,778","6,409","95,565",2023-04-03
,,,,,,,,,,2023-04-03
,,,,,,,,,,2023-04-03
YT - 3 Year Bonds (100 minus yield % p.a.),YT - 3 Year Bonds (100 minus yield % p.a.),YT - 3 Year Bonds (100 minus yield % p.a.),YT - 3 Year Bonds (100 minus yield % p.a.),YT - 3 Year Bonds (100 minus yield % p.a.),YT - 3 Year Bonds (100 minus yield % p.a.),YT - 3 Year Bonds (100 minus yield % p.a.),YT - 3 Year Bonds (100 minus yield % p.a.),YT - 3 Year Bonds (100 minus yield % p.a.),YT - 3 Year Bonds (100 minus yield % p.a.),2023-04-03
,,,,,,,,,,2023-04-03
Expiry,Open,High,Low,Last,Sett,Sett Chg,Op Int,Op Int Chg,Volume,2023-04-03
,,,,,,,,,,2023-04-03
Jun 2023,97.090,97.170,97.040,97.050,97.050,-0.040,"762,899","1,307","189,738",2023-04-03
Sep 2023,-,-,-,-,97.050,-0.040,-,-,-,2023-04-03
,,,,,,,,,,2023-04-03
Click here to view settlement price and volume graph,Click here to view settlement price and volume graph,Click here to view settlement price and volume graph,Click here to view settlement price and volume graph,Click here to view settlement price and volume graph,Click here to view settlement price and volume graph,Click here to view settlement price and volume graph,"762,899","1,307","189,738",2023-04-03
,,,,,,,,,,2023-04-03
,,,,,,,,,,2023-04-03
VT - 5 Year Bonds (100 minus yields % p.a.),VT - 5 Year Bonds (100 minus yields % p.a.),VT - 5 Year Bonds (100 minus yields % p.a.),VT - 5 Year Bonds (100 minus yields % p.a.),VT - 5 Year Bonds (100 minus yields % p.a.),VT - 5 Year Bonds (100 minus yields % p.a.),VT - 5 Year Bonds (100 minus yields % p.a.),VT - 5 Year Bonds (100 minus yields % p.a.),VT - 5 Year Bonds (100 minus yields % p.a.),VT - 5 Year Bonds (100 minus yields % p.a.),2023-04-03
,,,,,,,,,,2023-04-03
Expiry,Open,High,Low,Last,Sett,Sett Chg,Op Int,Op Int Chg,Volume,2023-04-03
,,,,,,,,,,2023-04-03
Jun 2023,96.9900,96.9900,96.9100,96.9250,96.9250,-0.0550,"18,736",-286,"1,450",2023-04-03
Sep 2023,-,-,-,-,96.9250,-0.0550,-,-,-,2023-04-03
,,,,,,,,,,2023-04-03
Click here to view settlement price and volume graph,Click here to view settlement price and volume graph,Click here to view settlement price and volume graph,Click here to view settlement price and volume graph,Click here to view settlement price and volume graph,Click here to view settlement price and volume graph,Click here to view settlement price and volume graph,"18,736",-286,"1,450",2023-04-03
,,,,,,,,,,2023-04-03
,,,,,,,,,,2023-04-03
XT - 10 Year Bonds (100 minus yield % p.a.),XT - 10 Year Bonds (100 minus yield % p.a.),XT - 10 Year Bonds (100 minus yield % p.a.),XT - 10 Year Bonds (100 minus yield % p.a.),XT - 10 Year Bonds (100 minus yield % p.a.),XT - 10 Year Bonds (100 minus yield % p.a.),XT - 10 Year Bonds (100 minus yield % p.a.),XT - 10 Year Bonds (100 minus yield % p.a.),XT - 10 Year Bonds (100 minus yield % p.a.),XT - 10 Year Bonds (100 minus yield % p.a.),2023-04-03
,,,,,,,,,,2023-04-03
Expiry,Open,High,Low,Last,Sett,Sett Chg,Op Int,Op Int Chg,Volume,2023-04-03
,,,,,,,,,,2023-04-03
Jun 2023,96.7000,96.7750,96.6700,96.6750,96.6800,-0.0250,"997,707","-8,657","141,565",2023-04-03
Sep 2023,-,-,-,-,96.6800,-0.0250,-,-,-,2023-04-03
,,,,,,,,,,2023-04-03
Click here to view settlement price and volume graph,Click here to view settlement price and volume graph,Click here to view settlement price and volume graph,Click here to view settlement price and volume graph,Click here to view settlement price and volume graph,Click here to view settlement price and volume graph,Click here to view settlement price and volume graph,"997,707","-8,657","141,565",2023-04-03
,,,,,,,,,,2023-04-03
,,,,,,,,,,2023-04-03
LT - 20 Year Bonds (100 minus yield %p.a.),LT - 20 Year Bonds (100 minus yield %p.a.),LT - 20 Year Bonds (100 minus yield %p.a.),LT - 20 Year Bonds (100 minus yield %p.a.),LT - 20 Year Bonds (100 minus yield %p.a.),LT - 20 Year Bonds (100 minus yield %p.a.),LT - 20 Year Bonds (100 minus yield %p.a.),LT - 20 Year Bonds (100 minus yield %p.a.),LT - 20 Year Bonds (100 minus yield %p.a.),LT - 20 Year Bonds (100 minus yield %p.a.),2023-04-03
,,,,,,,,,,2023-04-03
Expiry,Open,High,Low,Last,Sett,Sett Chg,Op Int,Op Int Chg,Volume,2023-04-03
,,,,,,,,,,2023-04-03
Jun 2023,-,-,-,-,96.2600,-0.0150,"15,313",-,-,2023-04-03
Sep 2023,-,-,-,-,96.2600,-0.0150,-,-,-,2023-04-03
,,,,,,,,,,2023-04-03
Click here to view settlement price and volume graph,Click here to view settlement price and volume graph,Click here to view settlement price and volume graph,Click here to view settlement price and volume graph,Click here to view settlement price and volume graph,Click here to view settlement price and volume graph,Click here to view settlement price and volume graph,"15,313",-,-,2023-04-03
,,,,,,,,,,2023-04-03
,,,,,,,,,,2023-04-03
BN - ASX Electricity Base Load Quarterly Futures NSW (A$ per megawatt hour),BN - ASX Electricity Base Load Quarterly Futures NSW (A$ per megawatt hour),BN - ASX Electricity Base Load Quarterly Futures NSW (A$ per megawatt hour),BN - ASX Electricity Base Load Quarterly Futures NSW (A$ per megawatt hour),BN - ASX Electricity Base Load Quarterly Futures NSW (A$ per megawatt hour),BN - ASX Electricity Base Load Quarterly Futures NSW (A$ per megawatt hour),BN - ASX Electricity Base Load Quarterly Futures NSW (A$ per megawatt hour),BN - ASX Electricity Base Load Quarterly Futures NSW (A$ per megawatt hour),BN - ASX Electricity Base Load Quarterly Futures NSW (A$ per megawatt hour),BN - ASX Electricity Base Load Quarterly Futures NSW (A$ per megawatt hour),2023-04-03
,,,,,,,,,,2023-04-03
Expiry,Open,High,Low,Last,Sett,Sett Chg,Op Int,Op Int Chg,Volume,2023-04-03
,,,,,,,,,,2023-04-03
Mar 2023,-,-,-,-,100.51,-0.10,"1,961",-,-,2023-04-03
Jun 2023,180.00,185.30,180.00,181.01,181.01,16.78,"1,980",-,44,2023-04-03
Sep 2023,180.00,182.00,175.00,175.00,175.00,5.00,"1,789",11,105,2023-04-03
Dec 2023,131.00,133.00,131.00,133.00,131.25,5.53,"1,721",-25,72,2023-04-03
Mar 2024,145.00,146.00,143.00,146.00,143.79,3.79,"1,438",34,78,2023-04-03
Jun 2024,150.00,152.00,148.00,148.00,147.79,4.79,"1,169",37,85,2023-04-03
Sep 2024,150.00,150.00,148.00,148.00,147.79,4.79,663,13,28,2023-04-03
Dec 2024,105.00,105.50,105.00,105.00,104.85,2.85,549,-4,33,2023-04-03
Mar 2025,-,-,-,-,118.29,3.36,277,11,13,2023-04-03
Jun 2025,126.19,126.25,126.19,126.25,126.25,3.40,289,9,21,2023-04-03
Sep 2025,129.00,129.00,129.00,129.00,129.00,4.87,190,1,1,2023-04-03
Dec 2025,102.00,102.00,102.00,102.00,102.00,3.65,199,1,1,2023-04-03
Mar 2026,-,-,-,-,120.04,-,79,-,-,2023-04-03
Jun 2026,-,-,-,-,118.66,-,31,-,-,2023-04-03
Sep 2026,-,-,-,-,124.24,-,1,-,-,2023-04-03
Dec 2026,-,-,-,-,99.19,-,1,-,-,2023-04-03
Mar 2027,-,-,-,-,99.19,-,-,-,-,2023-04-03
Jun 2027,-,-,-,-,99.19,-,-,-,-,2023-04-03
,,,,,,,,,,2023-04-03
Click here to view settlement price and volume graph,Click here to view settlement price and volume graph,Click here to view settlement price and volume graph,Click here to view settlement price and volume graph,Click here to view settlement price and volume graph,Click here to view settlement price and volume graph,Click here to view settlement price and volume graph,"12,337",88,481,2023-04-03
,,,,,,,,,,2023-04-03
,,,,,,,,,,2023-04-03
BQ - ASX Electricity Base Load Quarterly Futures QLD (A$ per megawatt hour),BQ - ASX Electricity Base Load Quarterly Futures QLD (A$ per megawatt hour),BQ - ASX Electricity Base Load Quarterly Futures QLD (A$ per megawatt hour),BQ - ASX Electricity Base Load Quarterly Futures QLD (A$ per megawatt hour),BQ - ASX Electricity Base Load Quarterly Futures QLD (A$ per megawatt hour),BQ - ASX Electricity Base Load Quarterly Futures QLD (A$ per megawatt hour),BQ - ASX Electricity Base Load Quarterly Futures QLD (A$ per megawatt hour),BQ - ASX Electricity Base Load Quarterly Futures QLD (A$ per megawatt hour),BQ - ASX Electricity Base Load Quarterly Futures QLD (A$ per megawatt hour),BQ - ASX Electricity Base Load Quarterly Futures QLD (A$ per megawatt hour),2023-04-03
,,,,,,,,,,2023-04-03
Expiry,Open,High,Low,Last,Sett,Sett Chg,Op Int,Op Int Chg,Volume,2023-04-03
,,,,,,,,,,2023-04-03
Mar 2023,-,-,-,-,104.11,-0.19,"5,681",-,-,2023-04-03
Jun 2023,166.00,173.00,166.00,170.00,169.50,19.56,"5,268",6,42,2023-04-03
Sep 2023,155.00,155.00,151.00,151.00,151.00,8.75,"4,727",-2,32,2023-04-03
Dec 2023,125.00,126.00,125.00,126.00,126.00,6.00,"4,568",-,17,2023-04-03
Mar 2024,143.00,143.00,143.00,143.00,145.00,5.75,"3,926",7,125,2023-04-03
Jun 2024,109.00,110.00,108.75,108.75,108.75,5.74,"4,024",7,143,2023-04-03
Sep 2024,108.75,108.75,108.75,108.75,105.02,3.25,"2,741",12,154,2023-04-03
Dec 2024,90.00,90.00,90.00,90.00,88.50,1.69,"2,741",11,156,2023-04-03
Mar 2025,106.10,107.00,106.10,107.00,105.43,2.93,"1,225",16,67,2023-04-03
Jun 2025,88.00,88.00,88.00,88.00,88.00,3.00,"1,170",9,62,2023-04-03
Sep 2025,-,-,-,-,87.63,2.44,780,4,6,2023-04-03
Dec 2025,-,-,-,-,85.17,2.37,771,4,6,2023-04-03
Mar 2026,-,-,-,-,95.63,-,112,-,-,2023-04-03
Jun 2026,-,-,-,-,79.40,-,103,-,-,2023-04-03
Sep 2026,-,-,-,-,78.35,-,14,-,-,2023-04-03
Dec 2026,-,-,-,-,75.95,-,14,-,-,2023-04-03
Mar 2027,-,-,-,-,75.95,-,-,-,-,2023-04-03
Jun 2027,-,-,-,-,75.95,-,-,-,-,2023-04-03
,,,,,,,,,,2023-04-03
Click here to view settlement price and volume graph,Click here to view settlement price and volume graph,Click here to view settlement price and volume graph,Click here to view settlement price and volume graph,Click here to view settlement price and volume graph,Click here to view settlement price and volume graph,Click here to view settlement price and volume graph,"37,865",74,810,2023-04-03
,,,,,,,,,,2023-04-03
,,,,,,,,,,2023-04-03
BS - ASX Electricity Base Load Quarterly Futures SA (A$ per megawatt hour),BS - ASX Electricity Base Load Quarterly Futures SA (A$ per megawatt hour),BS - ASX Electricity Base Load Quarterly Futures SA (A$ per megawatt hour),BS - ASX Electricity Base Load Quarterly Futures SA (A$ per megawatt hour),BS - ASX Electricity Base Load Quarterly Futures SA (A$ per megawatt hour),BS - ASX Electricity Base Load Quarterly Futures SA (A$ per megawatt hour),BS - ASX Electricity Base Load Quarterly Futures SA (A$ per megawatt hour),BS - ASX Electricity Base Load Quarterly Futures SA (A$ per megawatt hour),BS - ASX Electricity Base Load Quarterly Futures SA (A$ per megawatt hour),BS - ASX Electricity Base Load Quarterly Futures SA (A$ per megawatt hour),2023-04-03
,,,,,,,,,,2023-04-03
Expiry,Open,High,Low,Last,Sett,Sett Chg,Op Int,Op Int Chg,Volume,2023-04-03
,,,,,,,,,,2023-04-03
Mar 2023,-,-,-,-,72.26,2.26,114,-,-,2023-04-03
Jun 2023,-,-,-,-,130.51,-,95,-,-,2023-04-03
Sep 2023,-,-,-,-,136.00,-,71,-,-,2023-04-03
Dec 2023,-,-,-,-,85.00,5.00,59,-,-,2023-04-03
Mar 2024,-,-,-,-,126.00,1.00,81,-,-,2023-04-03
Jun 2024,-,-,-,-,120.00,10.00,38,-,-,2023-04-03
Sep 2024,-,-,-,-,120.00,10.00,17,-,-,2023-04-03
Dec 2024,-,-,-,-,70.50,-,16,-,-,2023-04-03
Mar 2025,-,-,-,-,115.89,-,16,-,-,2023-04-03
Jun 2025,-,-,-,-,120.00,-,-,-,-,2023-04-03
Sep 2025,-,-,-,-,120.63,-,-,-,-,2023-04-03
Dec 2025,-,-,-,-,82.03,-,-,-,-,2023-04-03
Mar 2026,-,-,-,-,123.38,-,2,-,-,2023-04-03
Jun 2026,-,-,-,-,135.15,-,-,-,-,2023-04-03
Sep 2026,-,-,-,-,144.54,-,-,-,-,2023-04-03
Dec 2026,-,-,-,-,136.68,-,-,-,-,2023-04-03
Mar 2027,-,-,-,-,136.68,-,-,-,-,2023-04-03
Jun 2027,-,-,-,-,136.68,-,-,-,-,2023-04-03
,,,,,,,,,,2023-04-03
Click here to view settlement price and volume graph,Click here to view settlement price and volume graph,Click here to view settlement price and volume graph,Click here to view settlement price and volume graph,Click here to view settlement price and volume graph,Click here to view settlement price and volume graph,Click here to view settlement price and volume graph,509,-,-,2023-04-03
,,,,,,,,,,2023-04-03
,,,,,,,,,,2023-04-03
BV - ASX Electricity Base Load Quarterly Futures VIC (A$ per megawatt hour),BV - ASX Electricity Base Load Quarterly Futures VIC (A$ per megawatt hour),BV - ASX Electricity Base Load Quarterly Futures VIC (A$ per megawatt hour),BV - ASX Electricity Base Load Quarterly Futures VIC (A$ per megawatt hour),BV - ASX Electricity Base Load Quarterly Futures VIC (A$ per megawatt hour),BV - ASX Electricity Base Load Quarterly Futures VIC (A$ per megawatt hour),BV - ASX Electricity Base Load Quarterly Futures VIC (A$ per megawatt hour),BV - ASX Electricity Base Load Quarterly Futures VIC (A$ per megawatt hour),BV - ASX Electricity Base Load Quarterly Futures VIC (A$ per megawatt hour),BV - ASX Electricity Base Load Quarterly Futures VIC (A$ per megawatt hour),2023-04-03
,,,,,,,,,,2023-04-03
Expiry,Open,High,Low,Last,Sett,Sett Chg,Op Int,Op Int Chg,Volume,2023-04-03
,,,,,,,,,,2023-04-03
Mar 2023,-,-,-,-,55.97,0.26,"2,020",-,-,2023-04-03
Jun 2023,140.00,143.00,139.50,139.50,139.00,9.00,"2,191",-4,23,2023-04-03
Sep 2023,140.00,140.00,137.00,137.00,137.00,7.00,"1,846",3,23,2023-04-03
Dec 2023,76.00,76.00,76.00,76.00,75.00,3.00,"1,724",2,2,2023-04-03
Mar 2024,85.50,85.50,85.50,85.50,85.50,2.32,"1,518",-,1,2023-04-03
Jun 2024,140.00,140.00,-,102.00,101.00,1.75,"1,647",1,1,2023-04-03
Sep 2024,100.00,103.00,100.00,103.00,100.50,2.00,938,4,8,2023-04-03
Dec 2024,59.00,59.00,59.00,59.00,59.00,1.50,993,1,4,2023-04-03
Mar 2025,-,-,-,-,65.34,2.52,605,1,3,2023-04-03
Jun 2025,-,-,-,-,82.18,3.18,598,1,3,2023-04-03
Sep 2025,81.00,81.00,81.00,81.00,81.00,1.99,368,-,1,2023-04-03
Dec 2025,-,-,-,-,53.50,1.00,431,-,-,2023-04-03
Mar 2026,-,-,-,-,64.10,-,97,-,-,2023-04-03
Jun 2026,-,-,-,-,73.90,-,95,-,-,2023-04-03
Sep 2026,-,-,-,-,73.62,-,-,-,-,2023-04-03
Dec 2026,-,-,-,-,48.46,-,2,-,-,2023-04-03
Mar 2027,-,-,-,-,48.46,-,-,-,-,2023-04-03
Jun 2027,-,-,-,-,48.46,-,-,-,-,2023-04-03
,,,,,,,,,,2023-04-03
Click here to view settlement price and volume graph,Click here to view settlement price and volume graph,Click here to view settlement price and volume graph,Click here to view settlement price and volume graph,Click here to view settlement price and volume graph,Click here to view settlement price and volume graph,Click here to view settlement price and volume graph,"15,073",9,69,2023-04-03
,,,,,,,,,,2023-04-03
,,,,,,,,,,2023-04-03
PN - ASX Electricity Peak Load Quarterly Futures NSW (A$ per megawatt hour),PN - ASX Electricity Peak Load Quarterly Futures NSW (A$ per megawatt hour),PN - ASX Electricity Peak Load Quarterly Futures NSW (A$ per megawatt hour),PN - ASX Electricity Peak Load Quarterly Futures NSW (A$ per megawatt hour),PN - ASX Electricity Peak Load Quarterly Futures NSW (A$ per megawatt hour),PN - ASX Electricity Peak Load Quarterly Futures NSW (A$ per megawatt hour),PN - ASX Electricity Peak Load Quarterly Futures NSW (A$ per megawatt hour),PN - ASX Electricity Peak Load Quarterly Futures NSW (A$ per megawatt hour),PN - ASX Electricity Peak Load Quarterly Futures NSW (A$ per megawatt hour),PN - ASX Electricity Peak Load Quarterly Futures NSW (A$ per megawatt hour),2023-04-03
,,,,,,,,,,2023-04-03
Expiry,Open,High,Low,Last,Sett,Sett Chg,Op Int,Op Int Chg,Volume,2023-04-03
,,,,,,,,,,2023-04-03
Mar 2023,-,-,-,-,110.39,-4.61,18,-,-,2023-04-03
Jun 2023,-,-,-,-,175.00,-,13,-,-,2023-04-03
Sep 2023,-,-,-,-,175.00,-,3,-,-,2023-04-03
Dec 2023,-,-,-,-,130.00,-,26,-,-,2023-04-03
Mar 2024,-,-,-,-,152.00,-,-,-,-,2023-04-03
Jun 2024,-,-,-,-,157.00,-,-,-,-,2023-04-03
Sep 2024,-,-,-,-,157.00,-,1,-,-,2023-04-03
Dec 2024,-,-,-,-,118.00,-,-,-,-,2023-04-03
Mar 2025,-,-,-,-,137.00,-,6,-,-,2023-04-03
Jun 2025,-,-,-,-,148.00,-,6,-,-,2023-04-03
Sep 2025,-,-,-,-,148.00,-,6,-,-,2023-04-03
Dec 2025,-,-,-,-,123.62,-,6,-,-,2023-04-03
Mar 2026,-,-,-,-,172.00,-,-,-,-,2023-04-03
Jun 2026,-,-,-,-,172.00,-,-,-,-,2023-04-03
Sep 2026,-,-,-,-,172.00,-,-,-,-,2023-04-03
Dec 2026,-,-,-,-,172.00,-,-,-,-,2023-04-03
Mar 2027,-,-,-,-,172.00,-,-,-,-,2023-04-03
Jun 2027,-,-,-,-,172.00,-,-,-,-,2023-04-03
,,,,,,,,,,2023-04-03
Click here to view settlement price and volume graph,Click here to view settlement price and volume graph,Click here to view settlement price and volume graph,Click here to view settlement price and volume graph,Click here to view settlement price and volume graph,Click here to view settlement price and volume graph,Click here to view settlement price and volume graph,85,-,-,2023-04-03
,,,,,,,,,,2023-04-03
,,,,,,,,,,2023-04-03
PQ - ASX Electricity Peak Load Quarterly Futures QLD (A$ per megawatt hour),PQ - ASX Electricity Peak Load Quarterly Futures QLD (A$ per megawatt hour),PQ - ASX Electricity Peak Load Quarterly Futures QLD (A$ per megawatt hour),PQ - ASX Electricity Peak Load Quarterly Futures QLD (A$ per megawatt hour),PQ - ASX Electricity Peak Load Quarterly Futures QLD (A$ per megawatt hour),PQ - ASX Electricity Peak Load Quarterly Futures QLD (A$ per megawatt hour),PQ - ASX Electricity Peak Load Quarterly Futures QLD (A$ per megawatt hour),PQ - ASX Electricity Peak Load Quarterly Futures QLD (A$ per megawatt hour),PQ - ASX Electricity Peak Load Quarterly Futures QLD (A$ per megawatt hour),PQ - ASX Electricity Peak Load Quarterly Futures QLD (A$ per megawatt hour),2023-04-03
,,,,,,,,,,2023-04-03
Expiry,Open,High,Low,Last,Sett,Sett Chg,Op Int,Op Int Chg,Volume,2023-04-03
,,,,,,,,,,2023-04-03
Mar 2023,-,-,-,-,122.81,-132.19,-,-,-,2023-04-03
Jun 2023,-,-,-,-,195.00,-,-,-,-,2023-04-03
Sep 2023,-,-,-,-,210.75,-,-,-,-,2023-04-03
Dec 2023,-,-,-,-,221.22,-,-,-,-,2023-04-03
Mar 2024,-,-,-,-,258.15,-,-,-,-,2023-04-03
Jun 2024,-,-,-,-,160.04,-,-,-,-,2023-04-03
Sep 2024,-,-,-,-,148.99,-,-,-,-,2023-04-03
Dec 2024,-,-,-,-,154.74,-,-,-,-,2023-04-03
Mar 2025,-,-,-,-,130.38,-,-,-,-,2023-04-03
Jun 2025,-,-,-,-,83.83,-,-,-,-,2023-04-03
Sep 2025,-,-,-,-,54.00,-,-,-,-,2023-04-03
Dec 2025,-,-,-,-,54.00,-,-,-,-,2023-04-03
Mar 2026,-,-,-,-,54.00,-,-,-,-,2023-04-03
Jun 2026,-,-,-,-,54.00,-,-,-,-,2023-04-03
Sep 2026,-,-,-,-,54.00,-,-,-,-,2023-04-03
Dec 2026,-,-,-,-,54.00,-,-,-,-,2023-04-03
Mar 2027,-,-,-,-,54.00,-,-,-,-,2023-04-03
Jun 2027,-,-,-,-,54.00,-,-,-,-,2023-04-03
,,,,,,,,,,2023-04-03
Click here to view settlement price and volume graph,Click here to view settlement price and volume graph,Click here to view settlement price and volume graph,Click here to view settlement price and volume graph,Click here to view settlement price and volume graph,Click here to view settlement price and volume graph,Click here to view settlement price and volume graph,-,-,-,2023-04-03
,,,,,,,,,,2023-04-03
,,,,,,,,,,2023-04-03
PS - ASX Electricity Peak Load Quarterly Futures SA (A$ per megawatt hour),PS - ASX Electricity Peak Load Quarterly Futures SA (A$ per megawatt hour),PS - ASX Electricity Peak Load Quarterly Futures SA (A$ per megawatt hour),PS - ASX Electricity Peak Load Quarterly Futures SA (A$ per megawatt hour),PS - ASX Electricity Peak Load Quarterly Futures SA (A$ per megawatt hour),PS - ASX Electricity Peak Load Quarterly Futures SA (A$ per megawatt hour),PS - ASX Electricity Peak Load Quarterly Futures SA (A$ per megawatt hour),PS - ASX Electricity Peak Load Quarterly Futures SA (A$ per megawatt hour),PS - ASX Electricity Peak Load Quarterly Futures SA (A$ per megawatt hour),PS - ASX Electricity Peak Load Quarterly Futures SA (A$ per megawatt hour),2023-04-03
,,,,,,,,,,2023-04-03
Expiry,Open,High,Low,Last,Sett,Sett Chg,Op Int,Op Int Chg,Volume,2023-04-03
,,,,,,,,,,2023-04-03
Mar 2023,-,-,-,-,76.95,-125.27,-,-,-,2023-04-03
Jun 2023,-,-,-,-,207.77,-,-,-,-,2023-04-03
Sep 2023,-,-,-,-,233.87,-,-,-,-,2023-04-03
Dec 2023,-,-,-,-,130.44,-,-,-,-,2023-04-03
Mar 2024,-,-,-,-,216.97,-,-,-,-,2023-04-03
Jun 2024,-,-,-,-,144.27,-,-,-,-,2023-04-03
Sep 2024,-,-,-,-,128.17,-,-,-,-,2023-04-03
Dec 2024,-,-,-,-,116.94,-,-,-,-,2023-04-03
Mar 2025,-,-,-,-,123.29,-,-,-,-,2023-04-03
Jun 2025,-,-,-,-,79.54,-,-,-,-,2023-04-03
Sep 2025,-,-,-,-,60.00,-,-,-,-,2023-04-03
Dec 2025,-,-,-,-,60.00,-,-,-,-,2023-04-03
Mar 2026,-,-,-,-,60.00,-,-,-,-,2023-04-03
Jun 2026,-,-,-,-,60.00,-,-,-,-,2023-04-03
Sep 2026,-,-,-,-,60.00,-,-,-,-,2023-04-03
Dec 2026,-,-,-,-,60.00,-,-,-,-,2023-04-03
Mar 2027,-,-,-,-,60.00,-,-,-,-,2023-04-03
Jun 2027,-,-,-,-,60.00,-,-,-,-,2023-04-03
,,,,,,,,,,2023-04-03
Click here to view settlement price and volume graph,Click here to view settlement price and volume graph,Click here to view settlement price and volume graph,Click here to view settlement price and volume graph,Click here to view settlement price and volume graph,Click here to view settlement price and volume graph,Click here to view settlement price and volume graph,-,-,-,2023-04-03
,,,,,,,,,,2023-04-03
,,,,,,,,,,2023-04-03
PV - ASX Electricity Peak Load Quarterly Futures VIC (A$ per megawatt hour),PV - ASX Electricity Peak Load Quarterly Futures VIC (A$ per megawatt hour),PV - ASX Electricity Peak Load Quarterly Futures VIC (A$ per megawatt hour),PV - ASX Electricity Peak Load Quarterly Futures VIC (A$ per megawatt hour),PV - ASX Electricity Peak Load Quarterly Futures VIC (A$ per megawatt hour),PV - ASX Electricity Peak Load Quarterly Futures VIC (A$ per megawatt hour),PV - ASX Electricity Peak Load Quarterly Futures VIC (A$ per megawatt hour),PV - ASX Electricity Peak Load Quarterly Futures VIC (A$ per megawatt hour),PV - ASX Electricity Peak Load Quarterly Futures VIC (A$ per megawatt hour),PV - ASX Electricity Peak Load Quarterly Futures VIC (A$ per megawatt hour),2023-04-03
,,,,,,,,,,2023-04-03
Expiry,Open,High,Low,Last,Sett,Sett Chg,Op Int,Op Int Chg,Volume,2023-04-03
,,,,,,,,,,2023-04-03
Mar 2023,-,-,-,-,49.24,-10.76,90,-,-,2023-04-03
Jun 2023,-,-,-,-,125.00,-,90,-,-,2023-04-03
Sep 2023,-,-,-,-,140.00,-,65,-,-,2023-04-03
Dec 2023,-,-,-,-,80.00,-,65,-,-,2023-04-03
Mar 2024,-,-,-,-,110.00,-,-,-,-,2023-04-03
Jun 2024,-,-,-,-,160.00,-,-,-,-,2023-04-03
Sep 2024,-,-,-,-,160.00,-,-,-,-,2023-04-03
Dec 2024,-,-,-,-,94.03,-,-,-,-,2023-04-03
Mar 2025,-,-,-,-,110.28,-,-,-,-,2023-04-03
Jun 2025,-,-,-,-,77.85,-,-,-,-,2023-04-03
Sep 2025,-,-,-,-,60.00,-,-,-,-,2023-04-03
Dec 2025,-,-,-,-,60.00,-,-,-,-,2023-04-03
Mar 2026,-,-,-,-,60.00,-,-,-,-,2023-04-03
Jun 2026,-,-,-,-,60.00,-,-,-,-,2023-04-03
Sep 2026,-,-,-,-,60.00,-,-,-,-,2023-04-03
Dec 2026,-,-,-,-,60.00,-,-,-,-,2023-04-03
Mar 2027,-,-,-,-,60.00,-,-,-,-,2023-04-03
Jun 2027,-,-,-,-,60.00,-,-,-,-,2023-04-03
,,,,,,,,,,2023-04-03
Click here to view settlement price and volume graph,Click here to view settlement price and volume graph,Click here to view settlement price and volume graph,Click here to view settlement price and volume graph,Click here to view settlement price and volume graph,Click here to view settlement price and volume graph,Click here to view settlement price and volume graph,310,-,-,2023-04-03
,,,,,,,,,,2023-04-03
,,,,,,,,,,2023-04-03
GN - ASX Electricity Base Load $300 Cap Quarterly Futures NSW (A$ per megawatt hour),GN - ASX Electricity Base Load $300 Cap Quarterly Futures NSW (A$ per megawatt hour),GN - ASX Electricity Base Load $300 Cap Quarterly Futures NSW (A$ per megawatt hour),GN - ASX Electricity Base Load $300 Cap Quarterly Futures NSW (A$ per megawatt hour),GN - ASX Electricity Base Load $300 Cap Quarterly Futures NSW (A$ per megawatt hour),GN - ASX Electricity Base Load $300 Cap Quarterly Futures NSW (A$ per megawatt hour),GN - ASX Electricity Base Load $300 Cap Quarterly Futures NSW (A$ per megawatt hour),GN - ASX Electricity Base Load $300 Cap Quarterly Futures NSW (A$ per megawatt hour),GN - ASX Electricity Base Load $300 Cap Quarterly Futures NSW (A$ per megawatt hour),GN - ASX Electricity Base Load $300 Cap Quarterly Futures NSW (A$ per megawatt hour),2023-04-03
,,,,,,,,,,2023-04-03
Expiry,Open,High,Low,Last,Sett,Sett Chg,Op Int,Op Int Chg,Volume,2023-04-03
,,,,,,,,,,2023-04-03
Mar 2023,-,-,-,-,7.41,-0.09,"1,078",-,-,2023-04-03
Jun 2023,-,-,-,-,35.00,-,814,-,-,2023-04-03
Sep 2023,-,-,-,-,32.00,2.00,785,-,-,2023-04-03
Dec 2023,29.50,29.50,29.50,29.50,29.50,1.50,771,2,2,2023-04-03
Mar 2024,39.00,39.00,39.00,39.00,39.00,1.93,638,1,1,2023-04-03
Jun 2024,-,-,-,-,26.30,-,580,-,-,2023-04-03
Sep 2024,-,-,-,-,26.21,0.21,401,-,-,2023-04-03
Dec 2024,20.00,20.00,20.00,20.00,20.16,2.66,372,-3,3,2023-04-03
Mar 2025,-,-,-,-,30.23,1.17,217,-,-,2023-04-03
Jun 2025,21.71,22.25,21.71,22.25,23.15,1.44,192,-,10,2023-04-03
Sep 2025,-,-,-,-,24.01,0.75,35,-,-,2023-04-03
Dec 2025,-,-,-,-,20.72,0.65,44,-,-,2023-04-03
Mar 2026,-,-,-,-,29.08,-,37,-,-,2023-04-03
Jun 2026,-,-,-,-,20.85,-,21,-,-,2023-04-03
Sep 2026,-,-,-,-,22.99,-,15,-,-,2023-04-03
Dec 2026,-,-,-,-,21.18,-,15,-,-,2023-04-03
Mar 2027,-,-,-,-,20.28,-,-,-,-,2023-04-03
Jun 2027,-,-,-,-,20.28,-,-,-,-,2023-04-03
,,,,,,,,,,2023-04-03
Click here to view settlement price and volume graph,Click here to view settlement price and volume graph,Click here to view settlement price and volume graph,Click here to view settlement price and volume graph,Click here to view settlement price and volume graph,Click here to view settlement price and volume graph,Click here to view settlement price and volume graph,"6,015",-,16,2023-04-03
,,,,,,,,,,2023-04-03
,,,,,,,,,,2023-04-03
GQ - ASX Electricity Base Load $300 Cap Quarterly Futures QLD (A$ per megawatt hour),GQ - ASX Electricity Base Load $300 Cap Quarterly Futures QLD (A$ per megawatt hour),GQ - ASX Electricity Base Load $300 Cap Quarterly Futures QLD (A$ per megawatt hour),GQ - ASX Electricity Base Load $300 Cap Quarterly Futures QLD (A$ per megawatt hour),GQ - ASX Electricity Base Load $300 Cap Quarterly Futures QLD (A$ per megawatt hour),GQ - ASX Electricity Base Load $300 Cap Quarterly Futures QLD (A$ per megawatt hour),GQ - ASX Electricity Base Load $300 Cap Quarterly Futures QLD (A$ per megawatt hour),GQ - ASX Electricity Base Load $300 Cap Quarterly Futures QLD (A$ per megawatt hour),GQ - ASX Electricity Base Load $300 Cap Quarterly Futures QLD (A$ per megawatt hour),GQ - ASX Electricity Base Load $300 Cap Quarterly Futures QLD (A$ per megawatt hour),2023-04-03
,,,,,,,,,,2023-04-03
Expiry,Open,High,Low,Last,Sett,Sett Chg,Op Int,Op Int Chg,Volume,2023-04-03
,,,,,,,,,,2023-04-03
Mar 2023,-,-,-,-,11.77,-0.03,745,-,-,2023-04-03
Jun 2023,35.00,35.00,35.00,35.00,35.00,4.50,522,2,2,2023-04-03
Sep 2023,-,-,-,-,28.00,-,511,-,-,2023-04-03
Dec 2023,-,-,-,-,23.50,-,585,-,-,2023-04-03
Mar 2024,45.00,45.00,45.00,45.00,45.00,1.41,556,1,1,2023-04-03
Jun 2024,-,-,-,-,20.50,0.36,322,-,-,2023-04-03
Sep 2024,-,-,-,-,20.75,0.36,265,-,-,2023-04-03
Dec 2024,26.00,26.00,26.00,26.00,24.50,0.51,281,1,1,2023-04-03
Mar 2025,-,-,-,-,27.00,-,372,-,-,2023-04-03
Jun 2025,-,-,-,-,16.50,-,290,-,-,2023-04-03
Sep 2025,-,-,-,-,18.50,-,151,-,-,2023-04-03
Dec 2025,-,-,-,-,19.14,-,152,-,-,2023-04-03
Mar 2026,-,-,-,-,28.97,-,73,-,-,2023-04-03
Jun 2026,-,-,-,-,17.19,-,74,-,-,2023-04-03
Sep 2026,-,-,-,-,19.75,-,6,-,-,2023-04-03
Dec 2026,-,-,-,-,19.50,-,5,-,-,2023-04-03
Mar 2027,-,-,-,-,19.50,-,-,-,-,2023-04-03
Jun 2027,-,-,-,-,19.50,-,-,-,-,2023-04-03
,,,,,,,,,,2023-04-03
Click here to view settlement price and volume graph,Click here to view settlement price and volume graph,Click here to view settlement price and volume graph,Click here to view settlement price and volume graph,Click here to view settlement price and volume graph,Click here to view settlement price and volume graph,Click here to view settlement price and volume graph,"4,910",4,4,2023-04-03
,,,,,,,,,,2023-04-03
,,,,,,,,,,2023-04-03
GS - ASX Electricity Base Load $300 Cap Quarterly Futures SA (A$ per megawatt hour),GS - ASX Electricity Base Load $300 Cap Quarterly Futures SA (A$ per megawatt hour),GS - ASX Electricity Base Load $300 Cap Quarterly Futures SA (A$ per megawatt hour),GS - ASX Electricity Base Load $300 Cap Quarterly Futures SA (A$ per megawatt hour),GS - ASX Electricity Base Load $300 Cap Quarterly Futures SA (A$ per megawatt hour),GS - ASX Electricity Base Load $300 Cap Quarterly Futures SA (A$ per megawatt hour),GS - ASX Electricity Base Load $300 Cap Quarterly Futures SA (A$ per megawatt hour),GS - ASX Electricity Base Load $300 Cap Quarterly Futures SA (A$ per megawatt hour),GS - ASX Electricity Base Load $300 Cap Quarterly Futures SA (A$ per megawatt hour),GS - ASX Electricity Base Load $300 Cap Quarterly Futures SA (A$ per megawatt hour),2023-04-03
,,,,,,,,,,2023-04-03
Expiry,Open,High,Low,Last,Sett,Sett Chg,Op Int,Op Int Chg,Volume,2023-04-03
,,,,,,,,,,2023-04-03
Mar 2023,-,-,-,-,12.18,-7.82,172,-,-,2023-04-03
Jun 2023,-,-,-,-,17.14,-,177,-,-,2023-04-03
Sep 2023,-,-,-,-,18.24,-,129,-,-,2023-04-03
Dec 2023,-,-,-,-,17.48,-,129,-,-,2023-04-03
Mar 2024,-,-,-,-,48.00,-,201,-,-,2023-04-03
Jun 2024,-,-,-,-,19.00,-,93,-,-,2023-04-03
Sep 2024,-,-,-,-,19.00,-,81,-,-,2023-04-03
Dec 2024,-,-,-,-,15.95,-,75,-,-,2023-04-03
Mar 2025,-,-,-,-,39.00,-,16,-,-,2023-04-03
Jun 2025,-,-,-,-,20.00,-,-,-,-,2023-04-03
Sep 2025,-,-,-,-,20.00,-,-,-,-,2023-04-03
Dec 2025,-,-,-,-,18.00,-,-,-,-,2023-04-03
Mar 2026,-,-,-,-,39.00,-,2,-,-,2023-04-03
Jun 2026,-,-,-,-,40.00,-,-,-,-,2023-04-03
Sep 2026,-,-,-,-,40.00,-,-,-,-,2023-04-03
Dec 2026,-,-,-,-,33.00,-,-,-,-,2023-04-03
Mar 2027,-,-,-,-,33.00,-,-,-,-,2023-04-03
Jun 2027,-,-,-,-,33.00,-,-,-,-,2023-04-03
,,,,,,,,,,2023-04-03
Click here to view settlement price and volume graph,Click here to view settlement price and volume graph,Click here to view settlement price and volume graph,Click here to view settlement price and volume graph,Click here to view settlement price and volume graph,Click here to view settlement price and volume graph,Click here to view settlement price and volume graph,"1,075",-,-,2023-04-03
,,,,,,,,,,2023-04-03
,,,,,,,,,,2023-04-03
GV - ASX Electricity Base Load $300 Cap Quarterly Futures VIC (A$ per megawatt hour),GV - ASX Electricity Base Load $300 Cap Quarterly Futures VIC (A$ per megawatt hour),GV - ASX Electricity Base Load $300 Cap Quarterly Futures VIC (A$ per megawatt hour),GV - ASX Electricity Base Load $300 Cap Quarterly Futures VIC (A$ per megawatt hour),GV - ASX Electricity Base Load $300 Cap Quarterly Futures VIC (A$ per megawatt hour),GV - ASX Electricity Base Load $300 Cap Quarterly Futures VIC (A$ per megawatt hour),GV - ASX Electricity Base Load $300 Cap Quarterly Futures VIC (A$ per megawatt hour),GV - ASX Electricity Base Load $300 Cap Quarterly Futures VIC (A$ per megawatt hour),GV - ASX Electricity Base Load $300 Cap Quarterly Futures VIC (A$ per megawatt hour),GV - ASX Electricity Base Load $300 Cap Quarterly Futures VIC (A$ per megawatt hour),2023-04-03
,,,,,,,,,,2023-04-03
Expiry,Open,High,Low,Last,Sett,Sett Chg,Op Int,Op Int Chg,Volume,2023-04-03
,,,,,,,,,,2023-04-03
Mar 2023,-,-,-,-,1.06,-0.14,573,-,-,2023-04-03
Jun 2023,14.50,14.75,13.75,14.75,14.75,2.75,534,9,9,2023-04-03
Sep 2023,14.75,14.75,14.75,14.75,14.75,3.25,350,3,3,2023-04-03
Dec 2023,-,-,-,-,11.00,1.00,317,-,-,2023-04-03
Mar 2024,-,-,-,-,21.70,-,344,-,-,2023-04-03
Jun 2024,-,-,-,-,9.51,-,176,-,-,2023-04-03
Sep 2024,-,-,-,-,9.30,-,172,-,-,2023-04-03
Dec 2024,-,-,-,-,7.61,-,86,-,-,2023-04-03
Mar 2025,-,-,-,-,20.00,-,9,-,-,2023-04-03
Jun 2025,-,-,-,-,9.25,-,3,-,-,2023-04-03
Sep 2025,-,-,-,-,9.25,-,4,-,-,2023-04-03
Dec 2025,-,-,-,-,7.00,-,11,-,-,2023-04-03
Mar 2026,-,-,-,-,18.50,-,1,-,-,2023-04-03
Jun 2026,-,-,-,-,13.72,-,1,-,-,2023-04-03
Sep 2026,-,-,-,-,14.70,-,-,-,-,2023-04-03
Dec 2026,-,-,-,-,15.51,-,-,-,-,2023-04-03
Mar 2027,-,-,-,-,15.51,-,-,-,-,2023-04-03
Jun 2027,-,-,-,-,15.51,-,-,-,-,2023-04-03
,,,,,,,,,,2023-04-03
Click here to view settlement price and volume graph,Click here to view settlement price and volume graph,Click here to view settlement price and volume graph,Click here to view settlement price and volume graph,Click here to view settlement price and volume graph,Click here to view settlement price and volume graph,Click here to view settlement price and volume graph,"2,581",12,12,2023-04-03
,,,,,,,,,,2023-04-03
,,,,,,,,,,2023-04-03
GX - VIC Gas Futures (VIC Gas Futures),GX - VIC Gas Futures (VIC Gas Futures),GX - VIC Gas Futures (VIC Gas Futures),GX - VIC Gas Futures (VIC Gas Futures),GX - VIC Gas Futures (VIC Gas Futures),GX - VIC Gas Futures (VIC Gas Futures),GX - VIC Gas Futures (VIC Gas Futures),GX - VIC Gas Futures (VIC Gas Futures),GX - VIC Gas Futures (VIC Gas Futures),GX - VIC Gas Futures (VIC Gas Futures),2023-04-03
,,,,,,,,,,2023-04-03
Expiry,Open,High,Low,Last,Sett,Sett Chg,Op Int,Op Int Chg,Volume,2023-04-03
,,,,,,,,,,2023-04-03
Mar 2023,-,-,-,-,11.53,-2.47,102,-,-,2023-04-03
Jun 2023,-,-,-,-,18.70,-,120,-,-,2023-04-03
Sep 2023,-,-,-,-,19.60,-,73,-,-,2023-04-03
Dec 2023,-,-,-,-,14.15,-,66,-,-,2023-04-03
Mar 2024,-,-,-,-,15.76,-,30,-,-,2023-04-03
Jun 2024,-,-,-,-,19.35,-,32,-,-,2023-04-03
Sep 2024,-,-,-,-,20.35,-,32,-,-,2023-04-03
Dec 2024,-,-,-,-,14.93,-,30,-,-,2023-04-03
Mar 2025,-,-,-,-,18.00,-,-,-,-,2023-04-03
Jun 2025,-,-,-,-,23.40,-,-,-,-,2023-04-03
Sep 2025,-,-,-,-,23.40,-,-,-,-,2023-04-03
Dec 2025,-,-,-,-,23.40,-,-,-,-,2023-04-03
,,,,,,,,,,2023-04-03
Click here to view settlement price and volume graph,Click here to view settlement price and volume graph,Click here to view settlement price and volume graph,Click here to view settlement price and volume graph,Click here to view settlement price and volume graph,Click here to view settlement price and volume graph,Click here to view settlement price and volume graph,485,-,-,2023-04-03
,,,,,,,,,,2023-04-03
,,,,,,,,,,2023-04-03
WK - WA Wheat (WA Wheat),WK - WA Wheat (WA Wheat),WK - WA Wheat (WA Wheat),WK - WA Wheat (WA Wheat),WK - WA Wheat (WA Wheat),WK - WA Wheat (WA Wheat),WK - WA Wheat (WA Wheat),WK - WA Wheat (WA Wheat),WK - WA Wheat (WA Wheat),WK - WA Wheat (WA Wheat),2023-04-03
,,,,,,,,,,2023-04-03
Expiry,Open,High,Low,Last,Sett,Sett Chg,Op Int,Op Int Chg,Volume,2023-04-03
,,,,,,,,,,2023-04-03
May 2023,-,-,-,-,445.00,-,-,-,-,2023-04-03
Jul 2023,-,-,-,-,445.00,-,-,-,-,2023-04-03
Sep 2023,-,-,-,-,445.00,-,-,-,-,2023-04-03
Jan 2024,-,-,-,-,445.00,-,-,-,-,2023-04-03
Mar 2024,-,-,-,-,445.00,-,-,-,-,2023-04-03
Jan 2025,-,-,-,-,445.00,-,-,-,-,2023-04-03
Jan 2026,-,-,-,-,445.00,-,-,-,-,2023-04-03
,,,,,,,,,,2023-04-03
Click here to view settlement price and volume graph,Click here to view settlement price and volume graph,Click here to view settlement price and volume graph,Click here to view settlement price and volume graph,Click here to view settlement price and volume graph,Click here to view settlement price and volume graph,Click here to view settlement price and volume graph,-,-,-,2023-04-03
,,,,,,,,,,2023-04-03
,,,,,,,,,,2023-04-03
KK - WA Wheat Tendered (WA Wheat Tendered),KK - WA Wheat Tendered (WA Wheat Tendered),KK - WA Wheat Tendered (WA Wheat Tendered),KK - WA Wheat Tendered (WA Wheat Tendered),KK - WA Wheat Tendered (WA Wheat Tendered),KK - WA Wheat Tendered (WA Wheat Tendered),KK - WA Wheat Tendered (WA Wheat Tendered),KK - WA Wheat Tendered (WA Wheat Tendered),KK - WA Wheat Tendered (WA Wheat Tendered),KK - WA Wheat Tendered (WA Wheat Tendered),2023-04-03
,,,,,,,,,,2023-04-03
Expiry,Open,High,Low,Last,Sett,Sett Chg,Op Int,Op Int Chg,Volume,2023-04-03
,,,,,,,,,,2023-04-03
May 2023,-,-,-,-,445.00,-,-,-,-,2023-04-03
Jul 2023,-,-,-,-,445.00,-,-,-,-,2023-04-03
Sep 2023,-,-,-,-,445.00,-,-,-,-,2023-04-03
Jan 2024,-,-,-,-,445.00,-,-,-,-,2023-04-03
Mar 2024,-,-,-,-,445.00,-,-,-,-,2023-04-03
Jan 2025,-,-,-,-,445.00,-,-,-,-,2023-04-03
Jan 2026,-,-,-,-,445.00,-,-,-,-,2023-04-03
,,,,,,,,,,2023-04-03
Click here to view settlement price and volume graph,Click here to view settlement price and volume graph,Click here to view settlement price and volume graph,Click here to view settlement price and volume graph,Click here to view settlement price and volume graph,Click here to view settlement price and volume graph,Click here to view settlement price and volume graph,-,-,-,2023-04-03
,,,,,,,,,,2023-04-03
,,,,,,,,,,2023-04-03
WM - Eastern Australia Wheat (Eastern Australia Wheat),WM - Eastern Australia Wheat (Eastern Australia Wheat),WM - Eastern Australia Wheat (Eastern Australia Wheat),WM - Eastern Australia Wheat (Eastern Australia Wheat),WM - Eastern Australia Wheat (Eastern Australia Wheat),WM - Eastern Australia Wheat (Eastern Australia Wheat),WM - Eastern Australia Wheat (Eastern Australia Wheat),WM - Eastern Australia Wheat (Eastern Australia Wheat),WM - Eastern Australia Wheat (Eastern Australia Wheat),WM - Eastern Australia Wheat (Eastern Australia Wheat),2023-04-03
,,,,,,,,,,2023-04-03
Expiry,Open,High,Low,Last,Sett,Sett Chg,Op Int,Op Int Chg,Volume,2023-04-03
,,,,,,,,,,2023-04-03
May 2023,-,-,-,-,391.00,-,"1,536",-,-,2023-04-03
Jul 2023,-,-,-,-,396.00,-,-,-,-,2023-04-03
Sep 2023,-,-,-,-,396.00,-,-,-,-,2023-04-03
Jan 2024,-,-,-,-,400.00,-,"2,743",-,-,2023-04-03
Mar 2024,-,-,-,-,400.00,-,-,-,-,2023-04-03
Jan 2025,-,-,-,-,407.00,-,-,-,-,2023-04-03
Jan 2026,-,-,-,-,407.00,-,-,-,-,2023-04-03
,,,,,,,,,,2023-04-03
Click here to view settlement price and volume graph,Click here to view settlement price and volume graph,Click here to view settlement price and volume graph,Click here to view settlement price and volume graph,Click here to view settlement price and volume graph,Click here to view settlement price and volume graph,Click here to view settlement price and volume graph,"4,279",-,-,2023-04-03
,,,,,,,,,,2023-04-03
,,,,,,,,,,2023-04-03
KM - Eastern Australia Wheat Tendered (Eastern Australia Wheat Tendered),KM - Eastern Australia Wheat Tendered (Eastern Australia Wheat Tendered),KM - Eastern Australia Wheat Tendered (Eastern Australia Wheat Tendered),KM - Eastern Australia Wheat Tendered (Eastern Australia Wheat Tendered),KM - Eastern Australia Wheat Tendered (Eastern Australia Wheat Tendered),KM - Eastern Australia Wheat Tendered (Eastern Australia Wheat Tendered),KM - Eastern Australia Wheat Tendered (Eastern Australia Wheat Tendered),KM - Eastern Australia Wheat Tendered (Eastern Australia Wheat Tendered),KM - Eastern Australia Wheat Tendered (Eastern Australia Wheat Tendered),KM - Eastern Australia Wheat Tendered (Eastern Australia Wheat Tendered),2023-04-03
,,,,,,,,,,2023-04-03
Expiry,Open,High,Low,Last,Sett,Sett Chg,Op Int,Op Int Chg,Volume,2023-04-03
,,,,,,,,,,2023-04-03
May 2023,-,-,-,-,391.00,-,-,-,-,2023-04-03
Jul 2023,-,-,-,-,396.00,-,-,-,-,2023-04-03
Sep 2023,-,-,-,-,396.00,-,-,-,-,2023-04-03
Jan 2024,-,-,-,-,400.00,-,-,-,-,2023-04-03
Mar 2024,-,-,-,-,400.00,-,-,-,-,2023-04-03
Jan 2025,-,-,-,-,407.00,-,-,-,-,2023-04-03
Jan 2026,-,-,-,-,407.00,-,-,-,-,2023-04-03
,,,,,,,,,,2023-04-03
Click here to view settlement price and volume graph,Click here to view settlement price and volume graph,Click here to view settlement price and volume graph,Click here to view settlement price and volume graph,Click here to view settlement price and volume graph,Click here to view settlement price and volume graph,Click here to view settlement price and volume graph,-,-,-,2023-04-03
,,,,,,,,,,2023-04-03
,,,,,,,,,,2023-04-03
UB - Eastern Australia Feed Barley (Eastern Australia Feed Barley),UB - Eastern Australia Feed Barley (Eastern Australia Feed Barley),UB - Eastern Australia Feed Barley (Eastern Australia Feed Barley),UB - Eastern Australia Feed Barley (Eastern Australia Feed Barley),UB - Eastern Australia Feed Barley (Eastern Australia Feed Barley),UB - Eastern Australia Feed Barley (Eastern Australia Feed Barley),UB - Eastern Australia Feed Barley (Eastern Australia Feed Barley),UB - Eastern Australia Feed Barley (Eastern Australia Feed Barley),UB - Eastern Australia Feed Barley (Eastern Australia Feed Barley),UB - Eastern Australia Feed Barley (Eastern Australia Feed Barley),2023-04-03
,,,,,,,,,,2023-04-03
Expiry,Open,High,Low,Last,Sett,Sett Chg,Op Int,Op Int Chg,Volume,2023-04-03
,,,,,,,,,,2023-04-03
May 2023,-,-,-,-,317.00,-,-,-,-,2023-04-03
Jul 2023,-,-,-,-,320.00,-,-,-,-,2023-04-03
Sep 2023,-,-,-,-,323.00,-,-,-,-,2023-04-03
Nov 2023,-,-,-,-,323.00,-,-,-,-,2023-04-03
Jan 2024,-,-,-,-,332.20,-,-,-,-,2023-04-03
Mar 2024,-,-,-,-,332.20,-,-,-,-,2023-04-03
Jan 2025,-,-,-,-,334.70,-,-,-,-,2023-04-03
Jan 2026,-,-,-,-,334.70,-,-,-,-,2023-04-03
,,,,,,,,,,2023-04-03
Click here to view settlement price and volume graph,Click here to view settlement price and volume graph,Click here to view settlement price and volume graph,Click here to view settlement price and volume graph,Click here to view settlement price and volume graph,Click here to view settlement price and volume graph,Click here to view settlement price and volume graph,-,-,-,2023-04-03
,,,,,,,,,,2023-04-03
,,,,,,,,,,2023-04-03
KB - Eastern Australia Feed Barley Tendered (Eastern Australia Feed Barley Tendered),KB - Eastern Australia Feed Barley Tendered (Eastern Australia Feed Barley Tendered),KB - Eastern Australia Feed Barley Tendered (Eastern Australia Feed Barley Tendered),KB - Eastern Australia Feed Barley Tendered (Eastern Australia Feed Barley Tendered),KB - Eastern Australia Feed Barley Tendered (Eastern Australia Feed Barley Tendered),KB - Eastern Australia Feed Barley Tendered (Eastern Australia Feed Barley Tendered),KB - Eastern Australia Feed Barley Tendered (Eastern Australia Feed Barley Tendered),KB - Eastern Australia Feed Barley Tendered (Eastern Australia Feed Barley Tendered),KB - Eastern Australia Feed Barley Tendered (Eastern Australia Feed Barley Tendered),KB - Eastern Australia Feed Barley Tendered (Eastern Australia Feed Barley Tendered),2023-04-03
,,,,,,,,,,2023-04-03
Expiry,Open,High,Low,Last,Sett,Sett Chg,Op Int,Op Int Chg,Volume,2023-04-03
,,,,,,,,,,2023-04-03
May 2023,-,-,-,-,317.00,-,-,-,-,2023-04-03
Jul 2023,-,-,-,-,320.00,-,-,-,-,2023-04-03
Sep 2023,-,-,-,-,323.00,-,-,-,-,2023-04-03
Nov 2023,-,-,-,-,323.00,-,-,-,-,2023-04-03
Jan 2024,-,-,-,-,332.20,-,-,-,-,2023-04-03
Mar 2024,-,-,-,-,332.20,-,-,-,-,2023-04-03
Jan 2025,-,-,-,-,334.70,-,-,-,-,2023-04-03
Jan 2026,-,-,-,-,334.70,-,-,-,-,2023-04-03
,,,,,,,,,,2023-04-03
Click here to view settlement price and volume graph,Click here to view settlement price and volume graph,Click here to view settlement price and volume graph,Click here to view settlement price and volume graph,Click here to view settlement price and volume graph,Click here to view settlement price and volume graph,Click here to view settlement price and volume graph,-,-,-,2023-04-03
,,,,,,,,,,2023-04-03
,,,,,,,,,,2023-04-03
EN - ASX Electricity Base Load Monthly Futures NSW (A$ per megawatt hour),EN - ASX Electricity Base Load Monthly Futures NSW (A$ per megawatt hour),EN - ASX Electricity Base Load Monthly Futures NSW (A$ per megawatt hour),EN - ASX Electricity Base Load Monthly Futures NSW (A$ per megawatt hour),EN - ASX Electricity Base Load Monthly Futures NSW (A$ per megawatt hour),EN - ASX Electricity Base Load Monthly Futures NSW (A$ per megawatt hour),EN - ASX Electricity Base Load Monthly Futures NSW (A$ per megawatt hour),EN - ASX Electricity Base Load Monthly Futures NSW (A$ per megawatt hour),EN - ASX Electricity Base Load Monthly Futures NSW (A$ per megawatt hour),EN - ASX Electricity Base Load Monthly Futures NSW (A$ per megawatt hour),2023-04-03
,,,,,,,,,,2023-04-03
Expiry,Open,High,Low,Last,Sett,Sett Chg,Op Int,Op Int Chg,Volume,2023-04-03
,,,,,,,,,,2023-04-03
Mar 2023,-,-,-,-,116.01,-0.29,-,-,-,2023-04-03
Apr 2023,-,-,-,-,154.30,14.30,5,-,-,2023-04-03
May 2023,-,-,-,-,184.70,17.12,-,-,-,2023-04-03
Jun 2023,-,-,-,-,203.90,18.90,-,-,-,2023-04-03
Jul 2023,-,-,-,-,175.00,-,-,-,-,2023-04-03
Aug 2023,-,-,-,-,175.00,-,-,-,-,2023-04-03
Sep 2023,-,-,-,-,175.00,-,-,-,-,2023-04-03
,,,,,,,,,,2023-04-03
Click here to view settlement price and volume graph,Click here to view settlement price and volume graph,Click here to view settlement price and volume graph,Click here to view settlement price and volume graph,Click here to view settlement price and volume graph,Click here to view settlement price and volume graph,Click here to view settlement price and volume graph,5,-,-,2023-04-03
,,,,,,,,,,2023-04-03
,,,,,,,,,,2023-04-03
EQ - ASX Electricity Base Load Monthly Futures QLD (A$ per megawatt hour),EQ - ASX Electricity Base Load Monthly Futures QLD (A$ per megawatt hour),EQ - ASX Electricity Base Load Monthly Futures QLD (A$ per megawatt hour),EQ - ASX Electricity Base Load Monthly Futures QLD (A$ per megawatt hour),EQ - ASX Electricity Base Load Monthly Futures QLD (A$ per megawatt hour),EQ - ASX Electricity Base Load Monthly Futures QLD (A$ per megawatt hour),EQ - ASX Electricity Base Load Monthly Futures QLD (A$ per megawatt hour),EQ - ASX Electricity Base Load Monthly Futures QLD (A$ per megawatt hour),EQ - ASX Electricity Base Load Monthly Futures QLD (A$ per megawatt hour),EQ - ASX Electricity Base Load Monthly Futures QLD (A$ per megawatt hour),2023-04-03
,,,,,,,,,,2023-04-03
Expiry,Open,High,Low,Last,Sett,Sett Chg,Op Int,Op Int Chg,Volume,2023-04-03
,,,,,,,,,,2023-04-03
Mar 2023,-,-,-,-,123.08,-0.57,-,-,-,2023-04-03
Apr 2023,-,-,-,-,138.28,15.96,-,-,-,2023-04-03
May 2023,-,-,-,-,190.01,21.93,5,-,-,2023-04-03
Jun 2023,-,-,-,-,179.53,20.72,25,-,-,2023-04-03
Jul 2023,-,-,-,-,151.00,-,-,-,-,2023-04-03
Aug 2023,-,-,-,-,151.00,-,-,-,-,2023-04-03
Sep 2023,-,-,-,-,151.00,-,-,-,-,2023-04-03
,,,,,,,,,,2023-04-03
Click here to view settlement price and volume graph,Click here to view settlement price and volume graph,Click here to view settlement price and volume graph,Click here to view settlement price and volume graph,Click here to view settlement price and volume graph,Click here to view settlement price and volume graph,Click here to view settlement price and volume graph,30,-,-,2023-04-03
,,,,,,,,,,2023-04-03
,,,,,,,,,,2023-04-03
ES - ASX Electricity Base Load Monthly Futures SA (A$ per megawatt hour),ES - ASX Electricity Base Load Monthly Futures SA (A$ per megawatt hour),ES - ASX Electricity Base Load Monthly Futures SA (A$ per megawatt hour),ES - ASX Electricity Base Load Monthly Futures SA (A$ per megawatt hour),ES - ASX Electricity Base Load Monthly Futures SA (A$ per megawatt hour),ES - ASX Electricity Base Load Monthly Futures SA (A$ per megawatt hour),ES - ASX Electricity Base Load Monthly Futures SA (A$ per megawatt hour),ES - ASX Electricity Base Load Monthly Futures SA (A$ per megawatt hour),ES - ASX Electricity Base Load Monthly Futures SA (A$ per megawatt hour),ES - ASX Electricity Base Load Monthly Futures SA (A$ per megawatt hour),2023-04-03
,,,,,,,,,,2023-04-03
Expiry,Open,High,Low,Last,Sett,Sett Chg,Op Int,Op Int Chg,Volume,2023-04-03
,,,,,,,,,,2023-04-03
Mar 2023,-,-,-,-,64.92,6.54,-,-,-,2023-04-03
Apr 2023,-,-,-,-,106.11,-,-,-,-,2023-04-03
May 2023,-,-,-,-,142.51,-,-,-,-,2023-04-03
Jun 2023,-,-,-,-,142.51,-,-,-,-,2023-04-03
Jul 2023,-,-,-,-,136.00,-,-,-,-,2023-04-03
Aug 2023,-,-,-,-,136.00,-,-,-,-,2023-04-03
Sep 2023,-,-,-,-,136.00,-,-,-,-,2023-04-03
,,,,,,,,,,2023-04-03
Click here to view settlement price and volume graph,Click here to view settlement price and volume graph,Click here to view settlement price and volume graph,Click here to view settlement price and volume graph,Click here to view settlement price and volume graph,Click here to view settlement price and volume graph,Click here to view settlement price and volume graph,-,-,-,2023-04-03
,,,,,,,,,,2023-04-03
,,,,,,,,,,2023-04-03
EV - ASX Electricity Base Load Monthly Futures VIC (A$ per megawatt hour),EV - ASX Electricity Base Load Monthly Futures VIC (A$ per megawatt hour),EV - ASX Electricity Base Load Monthly Futures VIC (A$ per megawatt hour),EV - ASX Electricity Base Load Monthly Futures VIC (A$ per megawatt hour),EV - ASX Electricity Base Load Monthly Futures VIC (A$ per megawatt hour),EV - ASX Electricity Base Load Monthly Futures VIC (A$ per megawatt hour),EV - ASX Electricity Base Load Monthly Futures VIC (A$ per megawatt hour),EV - ASX Electricity Base Load Monthly Futures VIC (A$ per megawatt hour),EV - ASX Electricity Base Load Monthly Futures VIC (A$ per megawatt hour),EV - ASX Electricity Base Load Monthly Futures VIC (A$ per megawatt hour),2023-04-03
,,,,,,,,,,2023-04-03
Expiry,Open,High,Low,Last,Sett,Sett Chg,Op Int,Op Int Chg,Volume,2023-04-03
,,,,,,,,,,2023-04-03
Mar 2023,-,-,-,-,62.02,0.77,-,-,-,2023-04-03
Apr 2023,-,-,-,-,84.78,5.49,10,-,-,2023-04-03
May 2023,-,-,-,-,142.40,9.22,27,-,-,2023-04-03
Jun 2023,-,-,-,-,189.71,12.28,5,-,-,2023-04-03
Jul 2023,-,-,-,-,137.00,-,-,-,-,2023-04-03
Aug 2023,-,-,-,-,137.00,-,-,-,-,2023-04-03
Sep 2023,-,-,-,-,137.00,-,-,-,-,2023-04-03
,,,,,,,,,,2023-04-03
Click here to view settlement price and volume graph,Click here to view settlement price and volume graph,Click here to view settlement price and volume graph,Click here to view settlement price and volume graph,Click here to view settlement price and volume graph,Click here to view settlement price and volume graph,Click here to view settlement price and volume graph,42,-,-,2023-04-03
,,,,,,,,,,2023-04-03
